image_width: 1280
image_height: 1024
camera_name: pointgrey
camera_matrix:
  rows: 3
  cols: 3
  data: [2947.090525, 0.000000, 654.613070, 0.000000, 2958.917637, 598.445395, 0.000000, 0.000000, 1.000000]
distortion_model: plumb_bob
distortion_coefficients:
  rows: 1
  cols: 5
  data: [-0.233750, 0.386464, 0.005413, 0.001233, 0.000000]
rectification_matrix:
  rows: 3
  cols: 3
  data: [1.000000, 0.000000, 0.000000, 0.000000, 1.000000, 0.000000, 0.000000, 0.000000, 1.000000]
projection_matrix:
  rows: 3
  cols: 4
  data: [2914.458984, 0.000000, 654.920984, 0.000000, 0.000000, 2931.506104, 600.387462, 0.000000, 0.000000, 0.000000, 1.000000, 0.000000]
